===== PART A: Instruction Mix =====
LOADS: 452705888 (26.8848%)
STORES: 231174286 (13.7287%)
NOPS: 36514 (0.00216845%)
DIRECT_CALLS: 791579 (0.0470093%)
INDIRECT_CALLS: 13 (7.72028e-07%)
RETURNS: 791588 (0.0470099%)
UNCONDITIONAL_BR: 21299270 (1.2649%)
CONDITIONAL_BR: 129923028 (7.71571%)
LOGICAL: 71000900 (4.21652%)
ROTATE_AND_SHIFT: 61832166 (3.67201%)
FLAG_OP: 6130 (0.000364041%)
VECTOR: 0 (0%)
CONDITIONAL_MOVE: 0 (0%)
MMX_SSE: 0 (0%)
SYSCALL: 0 (0%)
FLOATING_POINT: 0 (0%)
OTHERS: 714314727 (42.4209%)
TOTAL: 1683876089

===== PART B: CPI =====
TOTAL_CYCLES: 48871608095
TOTAL_INSTRUCTIONS: 1683876089
CPI: 29.0233

===== PART C: Memory Footprint =====
INSTRUCTION_CHUNKS (32B): 759
INSTRUCTION_FOOTPRINT (bytes): 24288
DATA_CHUNKS (32B): 2449695
DATA_FOOTPRINT (bytes): 78390240
SINGLE_CHUNK_INSTRUCTIONS: 723
MULTIPLE_CHUNK_INSTRUCTIONS: 18
SINGLE_DATA_CHUNK_ACCESSES: 2422809
MULTIPLE_DATA_CHUNK_ACCESSES: 13443

===== PART D: ISA Properties =====

-- D1: Instruction Length Distribution --
LENGTH_1_BYTES: 38611313
LENGTH_2_BYTES: 219201524
LENGTH_3_BYTES: 436966227
LENGTH_4_BYTES: 75326870
LENGTH_5_BYTES: 22047218
LENGTH_6_BYTES: 141356949
LENGTH_7_BYTES: 51341657
LENGTH_8_BYTES: 15085632
LENGTH_9_BYTES: 0
LENGTH_10_BYTES: 62610
LENGTH_11_BYTES: 0
LENGTH_12_BYTES: 0
LENGTH_13_BYTES: 0
LENGTH_14_BYTES: 0
LENGTH_15_BYTES: 0

-- D2: Operand Count Distribution --
OPERANDS_0: 36514
OPERANDS_1: 6147
OPERANDS_2: 597647656
OPERANDS_3: 382870305
OPERANDS_4: 2693792
OPERANDS_5: 14191378
OPERANDS_6: 2554208
OPERANDS_7: 0

-- D3: Register Read Operand Distribution --
REG_READ_0: 5189068
REG_READ_1: 183351865
REG_READ_2: 533608341
REG_READ_3: 215105776
REG_READ_4: 46790943
REG_READ_5: 13399799
REG_READ_6: 2554208
REG_READ_7: 0

-- D4: Register Write Operand Distribution --
REG_WRITE_0: 132331545
REG_WRITE_1: 712782141
REG_WRITE_2: 152332089
REG_WRITE_3: 2554225
REG_WRITE_4: 0
REG_WRITE_5: 0
REG_WRITE_6: 0
REG_WRITE_7: 0

-- D5: Memory Operand Distribution --
MEM_OPERANDS_0: 1083732844
MEM_OPERANDS_1: 597593107
MEM_OPERANDS_2: 2550138
MEM_OPERANDS_3: 0
MEM_OPERANDS_4: 0
MEM_OPERANDS_5: 0
MEM_OPERANDS_6: 0
MEM_OPERANDS_7: 0

-- D6: Memory Read Operand Distribution --
MEM_READ_0: 147437357
MEM_READ_1: 452705888
MEM_READ_2: 0
MEM_READ_3: 0
MEM_READ_4: 0
MEM_READ_5: 0
MEM_READ_6: 0
MEM_READ_7: 0

-- D7: Memory Write Operand Distribution --
MEM_WRITE_0: 368968959
MEM_WRITE_1: 231174286
MEM_WRITE_2: 0
MEM_WRITE_3: 0
MEM_WRITE_4: 0
MEM_WRITE_5: 0
MEM_WRITE_6: 0
MEM_WRITE_7: 0

-- D8: Memory Bytes per Memory Instruction --
MAX_MEM_BYTES: 8
AVG_MEM_BYTES: 3.48541

-- D9: Immediate Field Values --
MAX_IMMEDIATE: 1431655766
MIN_IMMEDIATE: -858993459

-- D10: Displacement Field Values --
MAX_DISPLACEMENT: 135000192
MIN_DISPLACEMENT: -4848
