===== PART A: Instruction Mix =====
LOADS: 547676610 (33.7369%)
STORES: 75698138 (4.66301%)
NOPS: 34419 (0.00212021%)
DIRECT_CALLS: 144613 (0.00890818%)
INDIRECT_CALLS: 959 (5.90745e-05%)
RETURNS: 145572 (0.00896725%)
UNCONDITIONAL_BR: 206042 (0.0126922%)
CONDITIONAL_BR: 144360432 (8.89262%)
LOGICAL: 1155548 (0.0711819%)
ROTATE_AND_SHIFT: 293577 (0.0180844%)
FLAG_OP: 5663 (0.000348841%)
VECTOR: 0 (0%)
CONDITIONAL_MOVE: 0 (0%)
MMX_SSE: 0 (0%)
SYSCALL: 0 (0%)
FLOATING_POINT: 40212 (0.00247706%)
OTHERS: 853612000 (52.5826%)
TOTAL: 1623373785

===== PART B: CPI =====
TOTAL_CYCLES: 44636231397
TOTAL_INSTRUCTIONS: 1623373785
CPI: 27.496

===== PART C: Memory Footprint =====
INSTRUCTION_CHUNKS (32B): 497
INSTRUCTION_FOOTPRINT (bytes): 15904
DATA_CHUNKS (32B): 83965
DATA_FOOTPRINT (bytes): 2686880
SINGLE_CHUNK_INSTRUCTIONS: 489
MULTIPLE_CHUNK_INSTRUCTIONS: 4
SINGLE_DATA_CHUNK_ACCESSES: 83861
MULTIPLE_DATA_CHUNK_ACCESSES: 52

===== PART D: ISA Properties =====

-- D1: Instruction Length Distribution --
LENGTH_1_BYTES: 25079058
LENGTH_2_BYTES: 302855815
LENGTH_3_BYTES: 296149398
LENGTH_4_BYTES: 270393500
LENGTH_5_BYTES: 24861794
LENGTH_6_BYTES: 68360976
LENGTH_7_BYTES: 415905
LENGTH_8_BYTES: 11883554
LENGTH_9_BYTES: 0
LENGTH_10_BYTES: 0
LENGTH_11_BYTES: 0
LENGTH_12_BYTES: 0
LENGTH_13_BYTES: 0
LENGTH_14_BYTES: 0
LENGTH_15_BYTES: 0

-- D2: Operand Count Distribution --
OPERANDS_0: 34989
OPERANDS_1: 3510
OPERANDS_2: 566132726
OPERANDS_3: 432933103
OPERANDS_4: 713130
OPERANDS_5: 159542
OPERANDS_6: 23000
OPERANDS_7: 0

-- D3: Register Read Operand Distribution --
REG_READ_0: 610946
REG_READ_1: 75618229
REG_READ_2: 562396811
REG_READ_3: 281429396
REG_READ_4: 79906689
REG_READ_5: 14929
REG_READ_6: 23000
REG_READ_7: 0

-- D4: Register Write Operand Distribution --
REG_WRITE_0: 75149551
REG_WRITE_1: 755283116
REG_WRITE_2: 169544301
REG_WRITE_3: 23032
REG_WRITE_4: 0
REG_WRITE_5: 0
REG_WRITE_6: 0
REG_WRITE_7: 0

-- D5: Memory Operand Distribution --
MEM_OPERANDS_0: 376803014
MEM_OPERANDS_1: 623173990
MEM_OPERANDS_2: 22996
MEM_OPERANDS_3: 0
MEM_OPERANDS_4: 0
MEM_OPERANDS_5: 0
MEM_OPERANDS_6: 0
MEM_OPERANDS_7: 0

-- D6: Memory Read Operand Distribution --
MEM_READ_0: 75528259
MEM_READ_1: 547668727
MEM_READ_2: 0
MEM_READ_3: 0
MEM_READ_4: 0
MEM_READ_5: 0
MEM_READ_6: 0
MEM_READ_7: 0

-- D7: Memory Write Operand Distribution --
MEM_WRITE_0: 547503484
MEM_WRITE_1: 75693502
MEM_WRITE_2: 0
MEM_WRITE_3: 0
MEM_WRITE_4: 0
MEM_WRITE_5: 0
MEM_WRITE_6: 0
MEM_WRITE_7: 0

-- D8: Memory Bytes per Memory Instruction --
MAX_MEM_BYTES: 8
AVG_MEM_BYTES: 3.99751

-- D9: Immediate Field Values --
MAX_IMMEDIATE: 2147483647
MIN_IMMEDIATE: -987654321

-- D10: Displacement Field Values --
MAX_DISPLACEMENT: 135294312
MIN_DISPLACEMENT: -580
