===== PART A: Instruction Mix =====
LOADS: 415212492 (27.2225%)
STORES: 110040140 (7.21455%)
NOPS: 1477638 (0.0968782%)
DIRECT_CALLS: 12556358 (0.823231%)
INDIRECT_CALLS: 0 (0%)
RETURNS: 12556358 (0.823231%)
UNCONDITIONAL_BR: 8314483 (0.545122%)
CONDITIONAL_BR: 178242866 (11.6861%)
LOGICAL: 75119542 (4.92506%)
ROTATE_AND_SHIFT: 3516410 (0.230546%)
FLAG_OP: 0 (0%)
VECTOR: 0 (0%)
CONDITIONAL_MOVE: 0 (0%)
MMX_SSE: 0 (0%)
SYSCALL: 0 (0%)
FLOATING_POINT: 0 (0%)
OTHERS: 708216345 (46.4327%)
TOTAL: 1525252632

===== PART B: CPI =====
TOTAL_CYCLES: 37767684240
TOTAL_INSTRUCTIONS: 1525252632
CPI: 24.7616

===== PART C: Memory Footprint =====
INSTRUCTION_CHUNKS (32B): 65
INSTRUCTION_FOOTPRINT (bytes): 2080
DATA_CHUNKS (32B): 11672906
DATA_FOOTPRINT (bytes): 373532992
SINGLE_CHUNK_INSTRUCTIONS: 63
MULTIPLE_CHUNK_INSTRUCTIONS: 1
SINGLE_DATA_CHUNK_ACCESSES: 11657536
MULTIPLE_DATA_CHUNK_ACCESSES: 7685

===== PART D: ISA Properties =====

-- D1: Instruction Length Distribution --
LENGTH_1_BYTES: 80626475
LENGTH_2_BYTES: 485393569
LENGTH_3_BYTES: 315526123
LENGTH_4_BYTES: 50531336
LENGTH_5_BYTES: 22076622
LENGTH_6_BYTES: 5249778
LENGTH_7_BYTES: 40596097
LENGTH_8_BYTES: 0
LENGTH_9_BYTES: 0
LENGTH_10_BYTES: 0
LENGTH_11_BYTES: 0
LENGTH_12_BYTES: 0
LENGTH_13_BYTES: 0
LENGTH_14_BYTES: 0
LENGTH_15_BYTES: 0

-- D2: Operand Count Distribution --
OPERANDS_0: 1477638
OPERANDS_1: 0
OPERANDS_2: 484784905
OPERANDS_3: 457346776
OPERANDS_4: 43834323
OPERANDS_5: 12556358
OPERANDS_6: 0
OPERANDS_7: 0

-- D3: Register Read Operand Distribution --
REG_READ_0: 3759868
REG_READ_1: 148510596
REG_READ_2: 677530849
REG_READ_3: 170198687
REG_READ_4: 0
REG_READ_5: 0
REG_READ_6: 0
REG_READ_7: 0

-- D4: Register Write Operand Distribution --
REG_WRITE_0: 70906655
REG_WRITE_1: 770283404
REG_WRITE_2: 158771430
REG_WRITE_3: 38511
REG_WRITE_4: 0
REG_WRITE_5: 0
REG_WRITE_6: 0
REG_WRITE_7: 0

-- D5: Memory Operand Distribution --
MEM_OPERANDS_0: 487182406
MEM_OPERANDS_1: 512817594
MEM_OPERANDS_2: 0
MEM_OPERANDS_3: 0
MEM_OPERANDS_4: 0
MEM_OPERANDS_5: 0
MEM_OPERANDS_6: 0
MEM_OPERANDS_7: 0

-- D6: Memory Read Operand Distribution --
MEM_READ_0: 584787508
MEM_READ_1: 415212492
MEM_READ_2: 0
MEM_READ_3: 0
MEM_READ_4: 0
MEM_READ_5: 0
MEM_READ_6: 0
MEM_READ_7: 0

-- D7: Memory Write Operand Distribution --
MEM_WRITE_0: 889959860
MEM_WRITE_1: 110040140
MEM_WRITE_2: 0
MEM_WRITE_3: 0
MEM_WRITE_4: 0
MEM_WRITE_5: 0
MEM_WRITE_6: 0
MEM_WRITE_7: 0

-- D8: Memory Bytes per Memory Instruction --
MAX_MEM_BYTES: 4
AVG_MEM_BYTES: 2.05127

-- D9: Immediate Field Values --
MAX_IMMEDIATE: 1374389535
MIN_IMMEDIATE: -100000000

-- D10: Displacement Field Values --
MAX_DISPLACEMENT: 134957120
MIN_DISPLACEMENT: -76
