===== PART A: Instruction Mix =====
LOADS: 356391882 (22.8124%)
STORES: 206049629 (13.1891%)
NOPS: 968604 (0.0619996%)
DIRECT_CALLS: 12803783 (0.81956%)
INDIRECT_CALLS: 2823499 (0.18073%)
RETURNS: 15627281 (1.00029%)
UNCONDITIONAL_BR: 30525305 (1.9539%)
CONDITIONAL_BR: 130030796 (8.32317%)
LOGICAL: 100266394 (6.41797%)
ROTATE_AND_SHIFT: 4264918 (0.272994%)
FLAG_OP: 865871 (0.0554237%)
VECTOR: 0 (0%)
CONDITIONAL_MOVE: 0 (0%)
MMX_SSE: 0 (0%)
SYSCALL: 0 (0%)
FLOATING_POINT: 945586 (0.0605262%)
OTHERS: 700711927 (44.852%)
TOTAL: 1562275475

===== PART B: CPI =====
TOTAL_CYCLES: 40370739734
TOTAL_INSTRUCTIONS: 1562275475
CPI: 25.841

===== PART C: Memory Footprint =====
INSTRUCTION_CHUNKS (32B): 2833
INSTRUCTION_FOOTPRINT (bytes): 90656
DATA_CHUNKS (32B): 31309
DATA_FOOTPRINT (bytes): 1001888
SINGLE_CHUNK_INSTRUCTIONS: 2705
MULTIPLE_CHUNK_INSTRUCTIONS: 64
SINGLE_DATA_CHUNK_ACCESSES: 30873
MULTIPLE_DATA_CHUNK_ACCESSES: 218

===== PART D: ISA Properties =====

-- D1: Instruction Length Distribution --
LENGTH_1_BYTES: 117507534
LENGTH_2_BYTES: 256768542
LENGTH_3_BYTES: 274863097
LENGTH_4_BYTES: 52941806
LENGTH_5_BYTES: 78564159
LENGTH_6_BYTES: 185384132
LENGTH_7_BYTES: 33970690
LENGTH_8_BYTES: 28
LENGTH_9_BYTES: 0
LENGTH_10_BYTES: 12
LENGTH_11_BYTES: 0
LENGTH_12_BYTES: 0
LENGTH_13_BYTES: 0
LENGTH_14_BYTES: 0
LENGTH_15_BYTES: 0

-- D2: Operand Count Distribution --
OPERANDS_0: 968604
OPERANDS_1: 1074811
OPERANDS_2: 520590767
OPERANDS_3: 355062261
OPERANDS_4: 103413490
OPERANDS_5: 15628964
OPERANDS_6: 3261103
OPERANDS_7: 0

-- D3: Register Read Operand Distribution --
REG_READ_0: 10160127
REG_READ_1: 260086921
REG_READ_2: 537706924
REG_READ_3: 179164154
REG_READ_4: 7041331
REG_READ_5: 2579440
REG_READ_6: 3261103
REG_READ_7: 0

-- D4: Register Write Operand Distribution --
REG_WRITE_0: 135946812
REG_WRITE_1: 685012449
REG_WRITE_2: 175776008
REG_WRITE_3: 2387766
REG_WRITE_4: 876965
REG_WRITE_5: 0
REG_WRITE_6: 0
REG_WRITE_7: 0

-- D5: Memory Operand Distribution --
MEM_OPERANDS_0: 0
MEM_OPERANDS_1: 540484982
MEM_OPERANDS_2: 5885491
MEM_OPERANDS_3: 0
MEM_OPERANDS_4: 0
MEM_OPERANDS_5: 0
MEM_OPERANDS_6: 0
MEM_OPERANDS_7: 0

-- D6: Memory Read Operand Distribution --
MEM_READ_0: 190932144
MEM_READ_1: 354561387
MEM_READ_2: 876942
MEM_READ_3: 0
MEM_READ_4: 0
MEM_READ_5: 0
MEM_READ_6: 0
MEM_READ_7: 0

-- D7: Memory Write Operand Distribution --
MEM_WRITE_0: 340793622
MEM_WRITE_1: 205576851
MEM_WRITE_2: 0
MEM_WRITE_3: 0
MEM_WRITE_4: 0
MEM_WRITE_5: 0
MEM_WRITE_6: 0
MEM_WRITE_7: 0

-- D8: Memory Bytes per Memory Instruction --
MAX_MEM_BYTES: 8
AVG_MEM_BYTES: 3.73868

-- D9: Immediate Field Values --
MAX_IMMEDIATE: 2147483647
MIN_IMMEDIATE: -2147483648

-- D10: Displacement Field Values --
MAX_DISPLACEMENT: 135918120
MIN_DISPLACEMENT: -1408
