===== PART A: Instruction Mix =====
LOADS: 338820264 (22.4503%)
STORES: 170382070 (11.2895%)
NOPS: 3910034 (0.25908%)
DIRECT_CALLS: 30235256 (2.00339%)
INDIRECT_CALLS: 401966 (0.0266343%)
RETURNS: 30637219 (2.03003%)
UNCONDITIONAL_BR: 31749172 (2.10371%)
CONDITIONAL_BR: 145779632 (9.65938%)
LOGICAL: 54632981 (3.61999%)
ROTATE_AND_SHIFT: 634854 (0.0420655%)
FLAG_OP: 0 (0%)
VECTOR: 0 (0%)
CONDITIONAL_MOVE: 0 (0%)
MMX_SSE: 0 (0%)
SYSCALL: 0 (0%)
FLOATING_POINT: 0 (0%)
OTHERS: 702018886 (46.5159%)
TOTAL: 1509202334

===== PART B: CPI =====
TOTAL_CYCLES: 36644163380
TOTAL_INSTRUCTIONS: 1509202334
CPI: 24.2805

===== PART C: Memory Footprint =====
INSTRUCTION_CHUNKS (32B): 244
INSTRUCTION_FOOTPRINT (bytes): 7808
DATA_CHUNKS (32B): 69161
DATA_FOOTPRINT (bytes): 2213152
SINGLE_CHUNK_INSTRUCTIONS: 226
MULTIPLE_CHUNK_INSTRUCTIONS: 9
SINGLE_DATA_CHUNK_ACCESSES: 60341
MULTIPLE_DATA_CHUNK_ACCESSES: 4410

===== PART D: ISA Properties =====

-- D1: Instruction Length Distribution --
LENGTH_1_BYTES: 182027306
LENGTH_2_BYTES: 305597142
LENGTH_3_BYTES: 282546857
LENGTH_4_BYTES: 87621702
LENGTH_5_BYTES: 53471554
LENGTH_6_BYTES: 76291805
LENGTH_7_BYTES: 12443634
LENGTH_8_BYTES: 0
LENGTH_9_BYTES: 0
LENGTH_10_BYTES: 0
LENGTH_11_BYTES: 0
LENGTH_12_BYTES: 0
LENGTH_13_BYTES: 0
LENGTH_14_BYTES: 0
LENGTH_15_BYTES: 0

-- D2: Operand Count Distribution --
OPERANDS_0: 3910034
OPERANDS_1: 2491710
OPERANDS_2: 426130107
OPERANDS_3: 363359746
OPERANDS_4: 173471181
OPERANDS_5: 30637222
OPERANDS_6: 0
OPERANDS_7: 0

-- D3: Register Read Operand Distribution --
REG_READ_0: 7278915
REG_READ_1: 317045051
REG_READ_2: 482009083
REG_READ_3: 189692453
REG_READ_4: 3572532
REG_READ_5: 401966
REG_READ_6: 0
REG_READ_7: 0

-- D4: Register Write Operand Distribution --
REG_WRITE_0: 67582525
REG_WRITE_1: 724560367
REG_WRITE_2: 207857108
REG_WRITE_3: 0
REG_WRITE_4: 0
REG_WRITE_5: 0
REG_WRITE_6: 0
REG_WRITE_7: 0

-- D5: Memory Operand Distribution --
MEM_OPERANDS_0: 495958224
MEM_OPERANDS_1: 503639810
MEM_OPERANDS_2: 401966
MEM_OPERANDS_3: 0
MEM_OPERANDS_4: 0
MEM_OPERANDS_5: 0
MEM_OPERANDS_6: 0
MEM_OPERANDS_7: 0

-- D6: Memory Read Operand Distribution --
MEM_READ_0: 661179736
MEM_READ_1: 338820264
MEM_READ_2: 0
MEM_READ_3: 0
MEM_READ_4: 0
MEM_READ_5: 0
MEM_READ_6: 0
MEM_READ_7: 0

-- D7: Memory Write Operand Distribution --
MEM_WRITE_0: 829617930
MEM_WRITE_1: 170382070
MEM_WRITE_2: 0
MEM_WRITE_3: 0
MEM_WRITE_4: 0
MEM_WRITE_5: 0
MEM_WRITE_6: 0
MEM_WRITE_7: 0

-- D8: Memory Bytes per Memory Instruction --
MAX_MEM_BYTES: 8
AVG_MEM_BYTES: 1.9002

-- D9: Immediate Field Values --
MAX_IMMEDIATE: 136599840
MIN_IMMEDIATE: -2147483587

-- D10: Displacement Field Values --
MAX_DISPLACEMENT: 138633660
MIN_DISPLACEMENT: -96
