===== PART A: Instruction Mix =====
LOADS: 338875493 (22.4538%)
STORES: 170334887 (11.2864%)
NOPS: 3906091 (0.258817%)
DIRECT_CALLS: 30224558 (2.00267%)
INDIRECT_CALLS: 396025 (0.0262405%)
RETURNS: 30620582 (2.02891%)
UNCONDITIONAL_BR: 31771972 (2.1052%)
CONDITIONAL_BR: 145812580 (9.66151%)
LOGICAL: 54594487 (3.61742%)
ROTATE_AND_SHIFT: 634876 (0.0420668%)
FLAG_OP: 0 (0%)
VECTOR: 0 (0%)
CONDITIONAL_MOVE: 0 (0%)
MMX_SSE: 0 (0%)
SYSCALL: 0 (0%)
FLOATING_POINT: 0 (0%)
OTHERS: 702038829 (46.517%)
TOTAL: 1509210380

===== PART B: CPI =====
TOTAL_CYCLES: 36644726600
TOTAL_INSTRUCTIONS: 1509210380
CPI: 24.2807

===== PART C: Memory Footprint =====
INSTRUCTION_CHUNKS (32B): 244
INSTRUCTION_FOOTPRINT (bytes): 7808
DATA_CHUNKS (32B): 69172
DATA_FOOTPRINT (bytes): 2213504
SINGLE_CHUNK_INSTRUCTIONS: 0.932853
MULTIPLE_CHUNK_INSTRUCTIONS: 0.0671471
SINGLE_DATA_CHUNK_ACCESSES: 0.935233
MULTIPLE_DATA_CHUNK_ACCESSES: 0.0647668

===== PART D: ISA Properties =====

-- D1: Instruction Length Distribution --
LENGTH_1_BYTES: 181997507
LENGTH_2_BYTES: 305572205
LENGTH_3_BYTES: 282643616
LENGTH_4_BYTES: 87585846
LENGTH_5_BYTES: 53447844
LENGTH_6_BYTES: 76319268
LENGTH_7_BYTES: 12433714
LENGTH_8_BYTES: 0
LENGTH_9_BYTES: 0
LENGTH_10_BYTES: 0
LENGTH_11_BYTES: 0
LENGTH_12_BYTES: 0
LENGTH_13_BYTES: 0
LENGTH_14_BYTES: 0
LENGTH_15_BYTES: 0

-- D2: Operand Count Distribution --
OPERANDS_0: 3906091
OPERANDS_1: 2490686
OPERANDS_2: 426140831
OPERANDS_3: 363398130
OPERANDS_4: 173443679
OPERANDS_5: 30620583
OPERANDS_6: 0
OPERANDS_7: 0

-- D3: Register Read Operand Distribution --
REG_READ_0: 7270571
REG_READ_1: 317012590
REG_READ_2: 482051280
REG_READ_3: 189700827
REG_READ_4: 3568707
REG_READ_5: 396025
REG_READ_6: 0
REG_READ_7: 0

-- D4: Register Write Operand Distribution --
REG_WRITE_0: 67550307
REG_WRITE_1: 724663404
REG_WRITE_2: 207786289
REG_WRITE_3: 0
REG_WRITE_4: 0
REG_WRITE_5: 0
REG_WRITE_6: 0
REG_WRITE_7: 0

-- D5: Memory Operand Distribution --
MEM_OPERANDS_0: 495947400
MEM_OPERANDS_1: 503656575
MEM_OPERANDS_2: 396025
MEM_OPERANDS_3: 0
MEM_OPERANDS_4: 0
MEM_OPERANDS_5: 0
MEM_OPERANDS_6: 0
MEM_OPERANDS_7: 0

-- D6: Memory Read Operand Distribution --
MEM_READ_0: 661124507
MEM_READ_1: 338875493
MEM_READ_2: 0
MEM_READ_3: 0
MEM_READ_4: 0
MEM_READ_5: 0
MEM_READ_6: 0
MEM_READ_7: 0

-- D7: Memory Write Operand Distribution --
MEM_WRITE_0: 829665113
MEM_WRITE_1: 170334887
MEM_WRITE_2: 0
MEM_WRITE_3: 0
MEM_WRITE_4: 0
MEM_WRITE_5: 0
MEM_WRITE_6: 0
MEM_WRITE_7: 0

-- D8: Memory Bytes per Memory Instruction --
MAX_MEM_BYTES: 8
AVG_MEM_BYTES: 1.90017

-- D9: Immediate Field Values --
MAX_IMMEDIATE: 136599840
MIN_IMMEDIATE: -2147483587

-- D10: Displacement Field Values --
MAX_DISPLACEMENT: 138633660
MIN_DISPLACEMENT: -96
