===== PART A: Instruction Mix =====
LOADS: 371186141 (23.1851%)
STORES: 229783278 (14.3528%)
NOPS: 803342 (0.0501785%)
DIRECT_CALLS: 21327745 (1.33218%)
INDIRECT_CALLS: 3687632 (0.230337%)
RETURNS: 25015382 (1.56251%)
UNCONDITIONAL_BR: 22184085 (1.38567%)
CONDITIONAL_BR: 117339728 (7.32929%)
LOGICAL: 60027207 (3.74943%)
ROTATE_AND_SHIFT: 7151847 (0.44672%)
FLAG_OP: 20153668 (1.25884%)
VECTOR: 0 (0%)
CONDITIONAL_MOVE: 0 (0%)
MMX_SSE: 0 (0%)
SYSCALL: 0 (0%)
FLOATING_POINT: 96935651 (6.05481%)
OTHERS: 625373713 (39.0622%)
TOTAL: 1600969419

===== PART B: CPI =====
TOTAL_CYCLES: 43067859330
TOTAL_INSTRUCTIONS: 1600969419
CPI: 26.9011

===== PART C: Memory Footprint =====
INSTRUCTION_CHUNKS (32B): 901
INSTRUCTION_FOOTPRINT (bytes): 28832
DATA_CHUNKS (32B): 554131
DATA_FOOTPRINT (bytes): 17732192
SINGLE_CHUNK_INSTRUCTIONS: 891
MULTIPLE_CHUNK_INSTRUCTIONS: 5
SINGLE_DATA_CHUNK_ACCESSES: 498989
MULTIPLE_DATA_CHUNK_ACCESSES: 27571

===== PART D: ISA Properties =====

-- D1: Instruction Length Distribution --
LENGTH_1_BYTES: 154570014
LENGTH_2_BYTES: 308571422
LENGTH_3_BYTES: 382077692
LENGTH_4_BYTES: 34341448
LENGTH_5_BYTES: 45108863
LENGTH_6_BYTES: 48819296
LENGTH_7_BYTES: 26510844
LENGTH_8_BYTES: 0
LENGTH_9_BYTES: 0
LENGTH_10_BYTES: 421
LENGTH_11_BYTES: 0
LENGTH_12_BYTES: 0
LENGTH_13_BYTES: 0
LENGTH_14_BYTES: 0
LENGTH_15_BYTES: 0

-- D2: Operand Count Distribution --
OPERANDS_0: 803342
OPERANDS_1: 225728
OPERANDS_2: 518280921
OPERANDS_3: 281789172
OPERANDS_4: 172733311
OPERANDS_5: 25029025
OPERANDS_6: 1138501
OPERANDS_7: 0

-- D3: Register Read Operand Distribution --
REG_READ_0: 28999070
REG_READ_1: 197541503
REG_READ_2: 540412349
REG_READ_3: 219762272
REG_READ_4: 8461311
REG_READ_5: 3684994
REG_READ_6: 1138501
REG_READ_7: 0

-- D4: Register Write Operand Distribution --
REG_WRITE_0: 165345441
REG_WRITE_1: 665523697
REG_WRITE_2: 167616426
REG_WRITE_3: 375935
REG_WRITE_4: 1138501
REG_WRITE_5: 0
REG_WRITE_6: 0
REG_WRITE_7: 0

-- D5: Memory Operand Distribution --
MEM_OPERANDS_0: 449291103
MEM_OPERANDS_1: 545885402
MEM_OPERANDS_2: 4823495
MEM_OPERANDS_3: 0
MEM_OPERANDS_4: 0
MEM_OPERANDS_5: 0
MEM_OPERANDS_6: 0
MEM_OPERANDS_7: 0

-- D6: Memory Read Operand Distribution --
MEM_READ_0: 661737515
MEM_READ_1: 337123984
MEM_READ_2: 1138501
MEM_READ_3: 0
MEM_READ_4: 0
MEM_READ_5: 0
MEM_READ_6: 0
MEM_READ_7: 0

-- D7: Memory Write Operand Distribution --
MEM_WRITE_0: 780927603
MEM_WRITE_1: 219072397
MEM_WRITE_2: 0
MEM_WRITE_3: 0
MEM_WRITE_4: 0
MEM_WRITE_5: 0
MEM_WRITE_6: 0
MEM_WRITE_7: 0

-- D8: Memory Bytes per Memory Instruction --
MAX_MEM_BYTES: 8
AVG_MEM_BYTES: 2.3249

-- D9: Immediate Field Values --
MAX_IMMEDIATE: 2147483647
MIN_IMMEDIATE: -2092037281

-- D10: Displacement Field Values --
MAX_DISPLACEMENT: 136117612
MIN_DISPLACEMENT: -104
