===== PART A: Instruction Mix =====
LOADS: 371208366 (23.1864%)
STORES: 229766215 (14.3516%)
NOPS: 803454 (0.0501853%)
DIRECT_CALLS: 21322890 (1.33187%)
INDIRECT_CALLS: 3688048 (0.230363%)
RETURNS: 25010938 (1.56223%)
UNCONDITIONAL_BR: 22183560 (1.38563%)
CONDITIONAL_BR: 117345375 (7.32962%)
LOGICAL: 60018824 (3.74889%)
ROTATE_AND_SHIFT: 7153668 (0.446832%)
FLAG_OP: 20154254 (1.25887%)
VECTOR: 0 (0%)
CONDITIONAL_MOVE: 0 (0%)
MMX_SSE: 0 (0%)
SYSCALL: 0 (0%)
FLOATING_POINT: 96925334 (6.05415%)
OTHERS: 625393655 (39.0633%)
TOTAL: 1600974581

===== PART B: CPI =====
TOTAL_CYCLES: 43068220670
TOTAL_INSTRUCTIONS: 1600974581
CPI: 26.9013

===== PART C: Memory Footprint =====
INSTRUCTION_CHUNKS (32B): 901
INSTRUCTION_FOOTPRINT (bytes): 28832
DATA_CHUNKS (32B): 553907
DATA_FOOTPRINT (bytes): 17725024
SINGLE_CHUNK_INSTRUCTIONS: 0.927352
MULTIPLE_CHUNK_INSTRUCTIONS: 0.0726484
SINGLE_DATA_CHUNK_ACCESSES: 0.89412
MULTIPLE_DATA_CHUNK_ACCESSES: 0.10588

===== PART D: ISA Properties =====

-- D1: Instruction Length Distribution --
LENGTH_1_BYTES: 154553896
LENGTH_2_BYTES: 308534239
LENGTH_3_BYTES: 382110382
LENGTH_4_BYTES: 34342996
LENGTH_5_BYTES: 45112742
LENGTH_6_BYTES: 48829664
LENGTH_7_BYTES: 26515660
LENGTH_8_BYTES: 0
LENGTH_9_BYTES: 0
LENGTH_10_BYTES: 421
LENGTH_11_BYTES: 0
LENGTH_12_BYTES: 0
LENGTH_13_BYTES: 0
LENGTH_14_BYTES: 0
LENGTH_15_BYTES: 0

-- D2: Operand Count Distribution --
OPERANDS_0: 803454
OPERANDS_1: 225834
OPERANDS_2: 518299002
OPERANDS_3: 281796989
OPERANDS_4: 172711322
OPERANDS_5: 25024529
OPERANDS_6: 1138870
OPERANDS_7: 0

-- D3: Register Read Operand Distribution --
REG_READ_0: 29001600
REG_READ_1: 197519806
REG_READ_2: 540435426
REG_READ_3: 219759339
REG_READ_4: 8459554
REG_READ_5: 3685405
REG_READ_6: 1138870
REG_READ_7: 0

-- D4: Register Write Operand Distribution --
REG_WRITE_0: 165343555
REG_WRITE_1: 665540338
REG_WRITE_2: 167601343
REG_WRITE_3: 375894
REG_WRITE_4: 1138870
REG_WRITE_5: 0
REG_WRITE_6: 0
REG_WRITE_7: 0

-- D5: Memory Operand Distribution --
MEM_OPERANDS_0: 449279644
MEM_OPERANDS_1: 545896081
MEM_OPERANDS_2: 4824275
MEM_OPERANDS_3: 0
MEM_OPERANDS_4: 0
MEM_OPERANDS_5: 0
MEM_OPERANDS_6: 0
MEM_OPERANDS_7: 0

-- D6: Memory Read Operand Distribution --
MEM_READ_0: 661713281
MEM_READ_1: 337147849
MEM_READ_2: 1138870
MEM_READ_3: 0
MEM_READ_4: 0
MEM_READ_5: 0
MEM_READ_6: 0
MEM_READ_7: 0

-- D7: Memory Write Operand Distribution --
MEM_WRITE_0: 780939796
MEM_WRITE_1: 219060204
MEM_WRITE_2: 0
MEM_WRITE_3: 0
MEM_WRITE_4: 0
MEM_WRITE_5: 0
MEM_WRITE_6: 0
MEM_WRITE_7: 0

-- D8: Memory Bytes per Memory Instruction --
MAX_MEM_BYTES: 8
AVG_MEM_BYTES: 2.32492

-- D9: Immediate Field Values --
MAX_IMMEDIATE: 2147483647
MIN_IMMEDIATE: -2092037281

-- D10: Displacement Field Values --
MAX_DISPLACEMENT: 136117612
MIN_DISPLACEMENT: -104
