===== PART A: Instruction Mix =====
LOADS: 547816837 (33.2696%)
STORES: 98782751 (5.9992%)
NOPS: 3550 (0.000215596%)
DIRECT_CALLS: 3177232 (0.192957%)
INDIRECT_CALLS: 111 (6.74117e-06%)
RETURNS: 3177343 (0.192964%)
UNCONDITIONAL_BR: 12754186 (0.774577%)
CONDITIONAL_BR: 103254474 (6.27077%)
LOGICAL: 13997775 (0.850102%)
ROTATE_AND_SHIFT: 10484138 (0.636714%)
FLAG_OP: 22967827 (1.39486%)
VECTOR: 0 (0%)
CONDITIONAL_MOVE: 0 (0%)
MMX_SSE: 0 (0%)
SYSCALL: 0 (0%)
FLOATING_POINT: 309501656 (18.7964%)
OTHERS: 520681708 (31.6216%)
TOTAL: 1646599588

===== PART B: CPI =====
TOTAL_CYCLES: 46261971160
TOTAL_INSTRUCTIONS: 1646599588
CPI: 28.0955

===== PART C: Memory Footprint =====
INSTRUCTION_CHUNKS (32B): 647
INSTRUCTION_FOOTPRINT (bytes): 20704
DATA_CHUNKS (32B): 5671575
DATA_FOOTPRINT (bytes): 181490400
SINGLE_CHUNK_INSTRUCTIONS: 635
MULTIPLE_CHUNK_INSTRUCTIONS: 6
SINGLE_DATA_CHUNK_ACCESSES: 5434087
MULTIPLE_DATA_CHUNK_ACCESSES: 118744

===== PART D: ISA Properties =====

-- D1: Instruction Length Distribution --
LENGTH_1_BYTES: 77591123
LENGTH_2_BYTES: 441944329
LENGTH_3_BYTES: 399698192
LENGTH_4_BYTES: 16087417
LENGTH_5_BYTES: 3219650
LENGTH_6_BYTES: 40002759
LENGTH_7_BYTES: 17519618
LENGTH_8_BYTES: 3936912
LENGTH_9_BYTES: 0
LENGTH_10_BYTES: 0
LENGTH_11_BYTES: 0
LENGTH_12_BYTES: 0
LENGTH_13_BYTES: 0
LENGTH_14_BYTES: 0
LENGTH_15_BYTES: 0

-- D2: Operand Count Distribution --
OPERANDS_0: 3550
OPERANDS_1: 13
OPERANDS_2: 412391701
OPERANDS_3: 396045341
OPERANDS_4: 188351008
OPERANDS_5: 3208387
OPERANDS_6: 0
OPERANDS_7: 0

-- D3: Register Read Operand Distribution --
REG_READ_0: 23142532
REG_READ_1: 216228424
REG_READ_2: 578653095
REG_READ_3: 137989355
REG_READ_4: 43955457
REG_READ_5: 31137
REG_READ_6: 0
REG_READ_7: 0

-- D4: Register Write Operand Distribution --
REG_WRITE_0: 68172396
REG_WRITE_1: 765092830
REG_WRITE_2: 166734774
REG_WRITE_3: 0
REG_WRITE_4: 0
REG_WRITE_5: 0
REG_WRITE_6: 0
REG_WRITE_7: 0

-- D5: Memory Operand Distribution --
MEM_OPERANDS_0: 531479094
MEM_OPERANDS_1: 468520801
MEM_OPERANDS_2: 105
MEM_OPERANDS_3: 0
MEM_OPERANDS_4: 0
MEM_OPERANDS_5: 0
MEM_OPERANDS_6: 0
MEM_OPERANDS_7: 0

-- D6: Memory Read Operand Distribution --
MEM_READ_0: 583181180
MEM_READ_1: 416818820
MEM_READ_2: 0
MEM_READ_3: 0
MEM_READ_4: 0
MEM_READ_5: 0
MEM_READ_6: 0
MEM_READ_7: 0

-- D7: Memory Write Operand Distribution --
MEM_WRITE_0: 919053661
MEM_WRITE_1: 80946339
MEM_WRITE_2: 0
MEM_WRITE_3: 0
MEM_WRITE_4: 0
MEM_WRITE_5: 0
MEM_WRITE_6: 0
MEM_WRITE_7: 0

-- D8: Memory Bytes per Memory Instruction --
MAX_MEM_BYTES: 8
AVG_MEM_BYTES: 2.46942

-- D9: Immediate Field Values --
MAX_IMMEDIATE: 2147483647
MIN_IMMEDIATE: -640172613

-- D10: Displacement Field Values --
MAX_DISPLACEMENT: 135855532
MIN_DISPLACEMENT: -344
